1520.45
1418.87
1677.71
1498.46
1520.45
1632.19
1647.31
1639.74
1491.16
1677.71
1632.19
1527.81
1418.87
1462.08
1498.46
1433.22
1520.45
1462.08
1169.98
1397.45
1777.94
1670.09
1527.81
1237.31
1110.6
855.12
837.421
964.2
995.364
1014.24
1203.47
1020.56
706.406
751.027
796.665
689.938
717.465
802.44
684.482
568.608
625.538
706.406
902.994
1216.96
1347.94
1071.66
779.432
625.538
819.861
896.956
1020.56
1731.41
1447.63
1020.56
1176.65
1447.63
1549.96
1564.79
1292.18
1176.65
620.279
589.074
779.432
970.403
1176.65
1404.57
1777.94
1498.46
1340.92
1285.27
1210.21
1071.66
909.046
855.12
689.938
528.496
599.408
773.72
837.421
945.68
768.023
711.927
723.018
1176.65
1299.1
1230.51
1433.22
1264.63
768.023
695.411
808.232
849.205
734.174
995.364
945.68
657.442
668.209
734.174
734.174
762.341
819.861
745.393
543.409
528.496
578.807
538.421
494.309
543.409
475.16
499.14
451.626
446.973
508.855
594.233
652.084
662.818
503.989
419.437
695.411
723.018
762.341
695.411
825.698
583.932
518.641
636.107
751.027
773.72
711.927
768.023
695.411
484.699
1110.6
1411.72
1319.95
1362.01
945.68
563.534
499.14
625.538
583.932
625.538
745.393
679.041
518.641
528.496
558.477
573.699
558.477
523.56
558.477
460.986
475.16
625.538
723.018
728.588
1052.39
933.409
723.018
706.406
1176.65
1411.72
1237.31
1110.6
958.011
751.027
563.534
855.12
831.552
843.305
825.698
779.432
657.442
679.041
915.114
1084.59
1169.98
1123.7
706.406
518.641
513.739
620.279
589.074
589.074
679.041
583.932
553.437
456.297
668.209
872.958
1058.8
995.364
855.12
679.041
636.107
945.68
1237.31
1469.33
1340.92
1362.01
927.295
1001.64
1150.06
1306.03
1278.38
1491.16
1271.5
837.421
964.2
970.403
921.197
679.041
646.742
594.233
657.442
563.534
538.421
553.437
508.855
494.309
479.921
465.693
419.437
442.338
578.807
543.409
523.56
523.56
518.641
419.437
494.309
465.693
533.45
538.421
513.739
533.45
523.56
528.496
479.921
470.417
446.973
442.338
433.123
460.986
423.981
410.405
353.517
353.517
345.05
349.274
405.917
388.149
401.447
433.123
405.917
383.754
383.754
370.681
379.378
563.534
599.408
636.107
563.534
401.447
353.517
470.417
456.297
423.981
392.563
405.917
388.149
336.66
383.754
375.02
410.405
433.123
442.338
357.78
401.447
366.362
419.437
508.855
684.482
594.233
446.973
465.693
503.989
503.989
513.739
428.543
465.693
470.417
388.149
573.699
684.482
609.81
700.9
641.416
762.341
970.403
945.68
1130.27
1046
915.114
849.205
706.406
695.411
921.197
1065.23
819.861
872.958
796.665
636.107
446.973
1058.8
970.403
1143.45
982.854
796.665
641.416
927.295
1454.85
1418.87
1230.51
878.935
861.051
849.205
915.114
1078.12
1390.33
1264.63
1354.97
1196.74
1071.66
825.698
982.854
662.818
768.023
568.608
583.932
446.973
405.917
589.074
739.776
1007.93
1418.87
1104.08
2328.21
2091.5
2371.47
4903.03
4582.73
2774.11
2476.52
2583.27
4678.44
4344.71
2904.15
2354.13
1976.75
1809.22
1685.34
1754.61
1731.41
2225.6
4333.82
2838.85
1888.3
1476.59
1624.65
1483.87
1692.99
1662.48
1739.13
1469.33
1007.93
1264.63
1190.03
945.68
1110.6
1404.57
1203.47
976.621
909.046
933.409
843.305
890.934
951.838
1250.94
1033.25
1033.25
902.994
695.411
513.739
573.699
563.534
484.699
768.023
866.997
808.232
1020.56
970.403
825.698
734.174
662.818
599.408
533.45
538.421
599.408
734.174
662.818
558.477
734.174
620.279
964.2
1716
1340.92
578.807
583.932
568.608
499.14
442.338
451.626
465.693
465.693
428.543
508.855
484.699
470.417
479.921
484.699
465.693
446.973
460.986
503.989
470.417
451.626
442.338
470.417
428.543
446.973
442.338
484.699
470.417
437.721
414.912
392.563
428.543
484.699
456.297
470.417
446.973
446.973
414.912
375.02
375.02
345.05
362.061
433.123
357.78
291.917
446.973
423.981
499.14
460.986
396.996
428.543
405.917
446.973
475.16
523.56
475.16
479.921
437.721
494.309
636.107
679.041
615.036
982.854
808.232
499.14
479.921
499.14
548.414
620.279
609.81
563.534
423.981
419.437
604.601
599.408
599.408
657.442
970.403
706.406
609.81
802.44
1071.66
1143.45
1354.97
1333.91
1169.98
700.9
1046
995.364
958.011
896.956
951.838
855.12
538.421
831.552
927.295
921.197
861.051
756.676
615.036
553.437
604.601
641.416
599.408
599.408
615.036
528.496
533.45
609.81
625.538
625.538
620.279
657.442
563.534
503.989
599.408
673.617
620.279
615.036
620.279
625.538
796.665
668.209
785.161
773.72
785.161
717.465
695.411
548.414
728.588
808.232
711.927
599.408
636.107
872.958
1278.38
849.205
861.051
1150.06
1754.61
1801.38
1685.34
1685.34
1433.22
1602.1
1817.07
3587.19
4139.55
2458.9
2664.43
1904.27
1564.79
1306.03
1498.46
1097.56
1033.25
1046
921.197
855.12
872.958
945.68
1052.39
796.665
802.44
641.416
964.2
1130.27
1143.45
970.403
689.938
583.932
831.552
1001.64
1026.9
1156.68
1078.12
700.9
589.074
695.411
646.742
662.818
884.927
831.552
599.408
475.16
695.411
773.72
768.023
751.027
762.341
548.414
489.495
589.074
578.807
630.814
641.416
594.233
508.855
410.405
494.309
401.447
494.309
523.56
573.699
518.641
528.496
1306.03
1632.19
1670.09
1535.18
1549.96
1404.57
1264.63
1527.81
1285.27
1250.94
1376.15
1587.14
2174.95
1809.22
3689.13
7087.87
3678.89
2932.3
2242.58
1762.38
1872.38
1602.1
1491.16
1440.42
1340.92
964.2
1117.14
1299.1
1078.12
1856.51
3278.04
2450.1
2285.24
2709.93
2673.51
3990.77
3199.96
2166.55
1824.93
1770.15
2345.48
2783.32
4001.33
3017.38
2158.16
1968.64
1579.67
1454.85
1483.87
1244.12
1411.72
1264.63
1960.55
1824.93
1369.07
1447.63
1340.92
1190.03
1572.23
1960.55
2141.42
2610.22
1397.45
2149.78
1739.13
1454.85
1376.15
1369.07
1150.06
1306.03
1210.21
855.12
909.046
1176.65
1278.38
1203.47
1306.03
1143.45
1292.18
1084.59
1110.6
866.997
668.209
843.305
819.861
779.432
790.905
734.174
779.432
599.408
538.421
609.81
745.393
915.114
872.958
855.12
814.038
668.209
739.776
706.406
652.084
442.338
470.417
479.921
479.921
558.477
543.409
583.932
568.608
423.981
456.297
615.036
625.538
573.699
609.81
553.437
558.477
465.693
563.534
599.408
563.534
558.477
568.608
548.414
437.721
423.981
599.408
573.699
620.279
630.814
578.807
513.739
513.739
884.927
843.305
695.411
695.411
636.107
442.338
470.417
739.776
641.416
641.416
583.932
558.477
489.495
392.563
484.699
388.149
494.309
599.408
538.421
518.641
383.754
513.739
706.406
802.44
831.552
695.411
620.279
589.074
768.023
756.676
739.776
756.676
548.414
437.721
396.996
518.641
414.912
396.996
383.754
401.447
401.447
396.996
470.417
553.437
465.693
475.16
625.538
523.56
423.981
437.721
484.699
470.417
533.45
475.16
336.66
299.873
401.447
383.754
336.66
311.958
291.917
299.873
284.041
291.917
392.563
379.378
423.981
563.534
1390.33
1190.03
1130.27
1084.59
1033.25
1278.38
1483.87
1454.85
1244.12
1306.03
1579.67
1257.78
1110.6
872.958
641.416
673.617
1026.9
989.102
951.838
578.807
679.041
508.855
646.742
1033.25
866.997
902.994
872.958
861.051
689.938
706.406
684.482
558.477
679.041
609.81
599.408
499.14
489.495
523.56
538.421
543.409
558.477
523.56
499.14
553.437
668.209
1091.07
6073.2
13214.6
10589.3
8420.28
5685.89
3627.84
3792.14
3566.93
2371.47
2682.6
1793.55
1662.48
1685.34
1602.1
1354.97
1340.92
1333.91
1312.98
1169.98
1190.03
1091.07
1014.24
1117.14
1123.7
1065.23
1976.75
5151
5939.93
7813.07
7293.86
11141
8679.42
4924.52
3617.66
2415.04
2328.21
2285.24
1896.28
1632.19
1662.48
1692.99
1557.37
1447.63
1210.21
1143.45
982.854
1084.59
951.838
1001.64
945.68
884.927
711.927
615.036
508.855
695.411
684.482
756.676
768.023
819.861
1020.56
1278.38
1390.33
1426.04
1383.23
1491.16
1716
2208.67
2423.78
1928.31
1594.61
1383.23
1210.21
989.102
825.698
825.698
861.051
866.997
849.205
831.552
785.161
796.665
604.601
695.411
728.588
773.72
802.44
814.038
662.818
884.927
756.676
819.861
739.776
837.421
762.341
706.406
706.406
814.038
723.018
785.161
745.393
728.588
717.465
756.676
728.588
1896.28
6062.08
4160.97
3161.19
3327.19
8596.82
6128.88
3638.03
2970
2547.5
2610.22
1549.96
1340.92
1723.7
2646.31
2520.79
2592.24
2529.68
2149.78
2511.92
2025.63
2388.86
2124.73
1920.29
1564.79
2141.42
2792.55
1952.48
1723.7
1564.79
1700.64
1237.31
1520.45
1731.41
1271.5
7087.87
7789.87
5917.77
4519.1
4150.25
5205.17
1746.87
1716
1708.32
1491.16
1527.81
2520.79
8608.61
9082.45
6162.32
4421.23
3103.37
3122.6
2108.09
2001.13
1617.12
1527.81
1312.98
2310.99
6184.64
4257.88
3346.93
2583.27
2149.78
2285.24
1292.18
1708.32
1716
2251.09
1777.94
2467.7
1777.94
1602.1
1362.01
1210.21
1223.73
1505.78
1312.98
1264.63
1404.57
1230.51
915.114
902.994
964.2
1020.56
1014.24
1333.91
1020.56
831.552
1104.08
1340.92
1163.32
1020.56
1020.56
762.341
646.742
615.036
814.038
745.393
668.209
684.482
548.414
499.14
484.699
790.905
814.038
728.588
684.482
689.938
599.408
578.807
563.534
533.45
583.932
558.477
508.855
475.16
456.297
594.233
573.699
583.932
578.807
533.45
513.739
503.989
494.309
553.437
594.233
594.233
523.56
475.16
513.739
641.416
609.81
599.408
706.406
625.538
499.14
553.437
615.036
636.107
599.408
599.408
578.807
583.932
641.416
636.107
636.107
636.107
636.107
594.233
583.932
583.932
636.107
604.601
583.932
578.807
548.414
503.989
599.408
728.588
711.927
652.084
620.279
548.414
538.421
533.45
568.608
599.408
578.807
548.414
578.807
599.408
625.538
734.174
723.018
745.393
657.442
625.538
583.932
563.534
553.437
548.414
548.414
563.534
533.45
528.496
548.414
563.534
589.074
620.279
609.81
609.81
630.814
684.482
636.107
762.341
700.9
700.9
684.482
609.81
711.927
684.482
668.209
636.107
695.411
711.927
679.041
700.9
684.482
695.411
679.041
723.018
717.465
609.81
599.408
636.107
773.72
756.676
652.084
768.023
518.641
548.414
668.209
706.406
625.538
573.699
543.409
573.699
583.932
646.742
684.482
625.538
625.538
620.279
548.414
558.477
609.81
652.084
641.416
625.538
625.538
609.81
543.409
518.641
523.56
533.45
583.932
543.409
548.414
479.921
499.14
583.932
578.807
523.56
573.699
508.855
475.16
553.437
573.699
578.807
589.074
573.699
513.739
538.421
533.45
543.409
636.107
673.617
558.477
518.641
494.309
568.608
563.534
523.56
533.45
548.414
558.477
508.855
489.495
475.16
479.921
465.693
451.626
451.626
410.405
423.981
460.986
503.989
523.56
484.699
437.721
401.447
456.297
479.921
494.309
479.921
465.693
465.693
470.417
494.309
523.56
523.56
465.693
423.981
357.78
345.05
353.517
353.517
370.681
388.149
340.845
303.882
311.958
332.494
340.845
324.221
336.66
311.958
268.533
357.78
392.563
414.912
423.981
396.996
284.041
245.888
375.02
456.297
465.693
503.989
538.421
433.123
401.447
499.14
646.742
662.818
684.482
684.482
538.421
392.563
636.107
790.905
756.676
734.174
717.465
465.693
451.626
568.608
790.905
1223.73
1662.48
1617.12
964.2
533.45
668.209
843.305
896.956
970.403
1033.25
982.854
568.608
751.027
921.197
927.295
1026.9
1271.5
1271.5
964.2
921.197
958.011
939.537
909.046
620.279
837.421
684.482
599.408
927.295
896.956
995.364
1150.06
1020.56
568.608
518.641
1058.8
1117.14
1052.39
1001.64
872.958
646.742
573.699
951.838
964.2
1078.12
1001.64
1020.56
657.442
814.038
939.537
849.205
790.905
636.107
711.927
553.437
503.989
802.44
802.44
796.665
728.588
819.861
866.997
528.496
657.442
684.482
745.393
745.393
825.698
646.742
494.309
657.442
745.393
751.027
668.209
641.416
518.641
533.45
609.81
518.641
518.641
433.123
405.917
405.917
383.754
349.274
419.437
414.912
366.362
401.447
446.973
362.061
414.912
428.543
456.297
465.693
620.279
1542.56
2001.13
1587.14
1535.18
1579.67
1123.7
1237.31
728.588
814.038
1136.85
1426.04
1369.07
1244.12
933.409
734.174
1091.07
1020.56
939.537
861.051
728.588
620.279
604.601
646.742
762.341
668.209
652.084
609.81
689.938
615.036
604.601
762.341
673.617
700.9
684.482
1058.8
1183.33
1039.62
855.12
1026.9
1306.03
976.621
723.018
700.9
599.408
528.496
641.416
723.018
762.341
878.935
609.81
494.309
855.12
1014.24
896.956
779.432
814.038
668.209
558.477
745.393
717.465
636.107
668.209
558.477
518.641
548.414
620.279
700.9
723.018
636.107
538.421
479.921
484.699
646.742
695.411
695.411
728.588
568.608
332.494
451.626
728.588
662.818
779.432
855.12
884.927
528.496
465.693
630.814
630.814
573.699
615.036
599.408
428.543
366.362
503.989
518.641
728.588
689.938
609.81
1078.12
825.698
921.197
909.046
902.994
843.305
933.409
609.81
695.411
1091.07
1136.85
1136.85
1110.6
878.935
558.477
657.442
995.364
1223.73
1383.23
1483.87
1196.74
1026.9
1078.12
1579.67
1617.12
1347.94
1306.03
1223.73
620.279
745.393
1033.25
1052.39
1007.93
1257.78
1143.45
684.482
773.72
1333.91
1454.85
1312.98
855.12
523.56
734.174
751.027
1333.91
1354.97
1491.16
1564.79
1677.71
1912.27
2017.45
1984.86
1708.32
1632.19
1632.19
1319.95
785.161
896.956
1520.45
1754.61
2116.41
1557.37
884.927
745.393
620.279
689.938
837.421
1411.72
1483.87
1196.74
756.676
1084.59
2388.86
2242.58
1944.41
1513.11
1312.98
1271.5
902.994
902.994
1880.33
3577.05
5021.37
4721.08
2894.79
4487.22
6769.42
6017.61
4171.7
3199.96
2458.9
2124.73
2610.22
1654.89
1390.33
1594.61
1520.45
1520.45
773.72
976.621
1319.95
1312.98
1216.96
1347.94
1196.74
855.12
1369.07
1244.12
1418.87
1542.56
1579.67
1326.92
939.537
1535.18
1677.71
1572.23
1746.87
1639.74
951.838
548.414
861.051
1454.85
1654.89
1505.78
1447.63
1091.07
465.693
1001.64
1469.33
1535.18
1404.57
1491.16
1046
538.421
1150.06
2406.3
2166.55
1817.07
1968.64
1984.86
1888.3
1754.61
1896.28
2217.13
2033.82
2166.55
1920.29
2074.96
9921.57
6442.2
4247.07
3376.62
2628.24
2042.02
1872.38
1936.36
1832.81
1670.09
1817.07
3112.98
4075.54
2811.03
2099.79
1952.48
1920.29
1880.33
1817.07
1777.94
1535.18
1476.59
1549.96
1564.79
1624.65
1632.19
1564.79
1535.18
1418.87
1390.33
1354.97
1362.01
1347.94
1271.5
951.838
1196.74
1476.59
1433.22
1535.18
1624.65
1369.07
831.552
604.601
728.588
964.2
896.956
843.305
762.341
528.496
728.588
825.698
964.2
909.046
951.838
939.537
689.938
866.997
951.838
945.68
995.364
1110.6
1513.11
1716
1832.81
1754.61
1777.94
1754.61
1609.6
1572.23
1542.56
1483.87
1602.1
1579.67
1491.16
1462.08
1535.18
1462.08
1535.18
1624.65
1639.74
1647.31
1746.87
2354.13
1700.64
1677.71
2783.32
4689.09
4086.18
2904.15
2904.15
2646.31
2310.99
1904.27
1716
1647.31
1708.32
1731.41
1746.87
1762.38
1609.6
1632.19
1880.33
3466.28
6408.51
4721.08
3307.5
2397.58
2458.9
1888.3
1716
3132.23
2293.81
2141.42
1984.86
2932.3
4881.57
3007.88
2458.9
2058.47
1944.41
1617.12
1587.14
1542.56
1549.96
1848.6
1864.44
1824.93
1670.09
1731.41
1670.09
1762.38
1692.99
1677.71
1754.61
1872.38
1880.33
1872.38
1708.32
1677.71
1557.37
1520.45
1968.64
1952.48
1579.67
1602.1
1216.96
861.051
1078.12
890.934
1462.08
1319.95
890.934
717.465
594.233
558.477
465.693
370.681
689.938
837.421
657.442
646.742
568.608